71
10102
10103
10084
10406
10405
9969
10403
10390
10391
10402
10395
9480
10414
10059
10464
10129
10150
10152
10410
10467
10153
10154
10465
10151
10392
10393
10394
10389
10148
9488
9485
9487
9970
10401
10400
10404
10433
10119
10145
5263
4949
10146
10081
10104
10085
10428
10114
10656
10342
9492
9460
1434
1120
10105
10106
6862
7614
7906
7592
7089
6775
6776
7092
6778
7593
7501
7813
7499
7601
7916
7602
9971
10454
10461
50
7596
775
7597
7613
7093
6779
6380
6589
6275
6513
6804
6490
6803
6489
10455
6473
6780
6466
6588
6274
6277
7610
4873
7094
7095
6781
7096
6782
7805
8034
7720
8313
7752
7642
10046
10047
7643
8314
8275
8153
7839
8156
7842
8158
7844
8167
7853
8174
7860
8173
7859
8803
8161
7847
8162
7848
8170
7856
8169
7855
8160
7846
8154
7840
8157
7843
8159
7845
8168
7854
8166
7852
8155
7841
10466
8163
7849
8164
7850
8172
7858
8171
7857
8165
7851
8176
7862
8175
7861
7580
8575
8261
8577
8263
4904
10413
7638
10424
10425
10426
10416
10058
4095
7587
7586
7789
8253
7543
7528
8526
8212
7794
8193
8498
8184
7544
7533
8272
8075
8381
8067
8576
8262
8211
8863
7525
8315
8316
4078
4079
10432
4604
10430
8317
8318
9436
8310
10441
8322
4147
8257
8277
8377
8063
8062
8077
8804
8801
8521
8207
8206
8493
8179
8178
8195
8668
8977
8663
7673
7772
6379
6587
6273
8192
8045
8351
8037
8481
8226
8060
8366
8052
8477
8347
8033
8032
8362
8048
8047
9435
6472
6465
6512
6802
6488
6515
6830
6516
7791
8452
8138
8130
8435
8121
8137
8447
8133
8132
8430
8116
8115
7615
7616
8282
8149
7835
7836
8152
7838
8177
7863
7864
7529
8237
8560
8246
8227
6032
5718
8555
8241
8544
8230
6759
6996
6682
6683
6999
6685
7002
6688
6863
7001
6687
7000
6686
6720
7003
6689
2477
2480
53
1
9976
37
18
9977
28
9978
9979
9980
9981
9982
9983
9984
9985
9986
26
9987
31
32
25
9988
29
9989
9990
9991
9992
9993
9994
9995
9996
9997
9998
9999
4449
1229
2514
2515
2476
10409
62
63
61
2478
2479
2524
2578
2585
2611
10423
10420
10421
2586
2587
2589
2313
2601
2314
2316
2590
10439
9452
10417
945
2591
776
2599
2600
2592
2597
2598
2593
2594
2595
2588
2487
2517
2518
2605
10419
2612
2813
9332
9339
9337
9336
9342
9354
3470
3471
9505
10468
9565
9496
9499
9563
9494
4151
4207
4325
117
118
19
21
22
119
120
121
122
123
124
125
126
20
23
35
36
17
27
33
34
16
24
765
30
4685
5997
5274
4960
4961
5277
4963
5278
4964
5279
4965
5280
4966
5281
4967
5285
4971
7612
5282
4968
5283
4969
5304
4990
5305
4991
5284
4970
5286
4972
5289
4975
5292
4978
5291
4977
5290
4976
5293
4979
5294
4980
5295
4981
5296
4982
5298
4984
5299
4985
5297
4983
5300
4986
5301
4987
5302
4988
5303
4989
5306
4992
5307
4993
5308
4994
5309
4995
5310
4996
5311
4997
5312
4998
5313
4999
5314
5000
5315
5001
5316
5002
5317
5003
5318
5004
5319
5005
5320
5006
5321
5007
5322
5008
5323
5009
5324
5010
5325
5011
5326
5012
5343
5029
5346
5032
5347
5033
5327
5013
5328
5014
5329
5015
5330
5016
5331
5017
5345
5031
5332
5018
5333
5019
5335
5021
5340
5026
5334
5020
5336
5022
5338
5024
5337
5023
5339
5025
5341
5027
5342
5028
5287
4973
5288
4974
5344
5030
6245
6355
6041
6042
6358
6044
6363
6049
6362
6048
6359
6045
6367
6053
6366
6052
6365
6051
6364
6050
6360
6046
6368
6054
6361
6047
6446
6712
6398
6399
6715
6401
6717
6403
6716
6402
6404
6540
6849
6535
6760
6539
6848
6534
1005
1181
867
1180
866
1812
1804
1806
2121
1807
1235
10460
10459
10458
2525
1805
863
1173
859
1007
1189
875
445
131
48
43
40
1094
780
1175
861
1186
872
399
85
1973
1971
1716
1811
1875
83
2240
1926
1586
1979
1978
2560
9504
9503
1255
941
494
180
980
1238
924
1092
1222
908
1221
907
966
1188
874
1237
923
1010
1239
925
1011
1328
1014
613
299
3651
2080
3650
2065
2084
1826
3648
3646
1602
2064
1911
1597
1980
3532
3393
3563
3394
3396
3397
1659
2264
3429
3115
3116
3118
3851
3537
1538
1224
3117
1592
3882
3568
2635
2321
3424
3110
10408
1537
1223
1097
783
461
147
963
1190
876
392
78
1497
1584
2110
2111
1834
51
1187
873
1174
860
1815
2112
1798
2123
1809
2526
