1117
1055
32
922
31
907
66
122
136
22
7
897
883
861
839
481
29
507
306
26
33
506
6
505
1115
1114
1113
1112
1111
1110
1109
1108
9
1107
8
27
30
1106
3
504
503
502
501
500
499
1105
1104
1103
1102
1101
1084
881
831
820
498
138
50
159
0
1068
51
996
995
171
994
993
218
959
86
70
1089
453
967
965
964
452
963
962
455
85
1090
93
150
454
142
659
186
645
140
632
214
979
176
971
970
974
973
121
62
163
74
366
249
63
179
925
439
927
91
101
129
949
285
948
284
283
958
926
931
451
450
443
158
442
83
441
449
448
105
952
939
446
938
937
935
951
944
942
941
940
950
947
447
106
212
934
445
933
444
177
932
211
929
213
305
220
490
219
84
978
977
440
78
130
928
997
924
137
923
921
917
120
67
916
296
915
436
435
920
128
127
919
992
463
148
155
488
462
456
799
800
804
434
803
398
821
200
797
199
379
378
793
262
261
792
48
518
468
263
397
396
172
390
382
381
399
805
848
126
422
429
278
428
844
1
846
427
276
854
853
852
424
423
850
425
277
847
275
426
49
517
467
260
788
380
153
407
884
882
880
863
862
857
860
281
859
858
209
204
203
879
878
856
280
279
817
412
819
818
812
208
202
408
814
201
813
400
282
421
273
267
272
415
271
830
268
419
833
417
416
832
103
154
433
134
898
174
902
899
841
840
838
901
210
900
837
836
270
418
269
173
152
259
395
802
801
195
258
769
257
149
376
80
373
375
147
81
828
778
34
377
240
1062
290
981
183
980
990
301
478
477
161
989
983
982
988
984
458
294
461
286
987
457
986
475
985
288
287
459
460
289
304
1061
217
324
826
1087
945
1085
872
76
905
855
1048
998
851
845
23
24
25
