102
274
19
18
45
54
3
12
262
137
11
10
261
1
260
259
258
256
255
254
253
252
251
9
250
5
4
17
249
0
136
135
133
132
131
130
248
247
246
245
272
337
271
287
288
22
93
72
26
294
25
155
342
343
82
94
355
346
31
273
269
336
270
282
149
279
142
352
286
284
21
13
349
61
57
68
141
278
280
285
118
50
51
28
58
33
32
293
292
177
178
76
180
176
350
56
291
92
348
77
80
185
290
40
289
104
197
108
199
213
23
119
186
106
52
64
196
35
103
38
182
62
189
79
190
192
181
187
101
195
117
267
334
268
340
99
341
172
49
134
74
347
29
194
198
239
88
24
53
193
36
188
191
354
107
184
46
78
174
63
75
175
344
263
204
138
39
