727
729
48
706
23
707
708
24
683
320
572
663
664
566
375
723
326
715
567
667
568
643
575
641
573
569
446
196
192
189
684
366
668
457
389
371
421
599
385
717
333
463
395
386
675
607
449
208
608
253
185
381
382
383
384
0
1
2
671
3
4
159
12
13
14
735
45
15
16
17
18
19
709
143
212
144
673
150
712
106
710
132
255
251
252
163
280
293
289
282
283
285
714
284
720
286
259
188
288
362
294
260
197
26
176
177
30
206
29
164
21
151
156
410
138
207
139
136
215
147
210
142
141
140
135
33
103
49
51
57
43
78
79
107
80
81
86
82
92
118
120
90
91
198
47
83
85
257
258
109
178
277
222
223
218
279
231
219
238
224
225
217
227
228
233
232
234
235
220
236
278
216
111
241
112
221
175
229
214
213
237
199
202
205
200
203
307
239
204
201
230
711
42
243
209
274
275
276
242
50
97
95
11
187
182
679
677
130
58
145
146
133
117
